316210
596631
403609
455819
593641
2171039
629333
458717
1439236
1224337
696755
391855
163368
783049
194776
1480466
399738
467372
40794
782348
365970
2269057
523396
478837
1475764
1390531
1116037
862440
1502574
188294
312626
1379124
215619
1169653
328542
2341716
875957
2248078
139158
198732
591428
653538
146252
278891
615969
976312
1995834
499409
240580
1377626
731172
2343384
301045
90480
2366090
186683
870474
404711
333649
908293
1082720
920870
1434248
120492
1130110
342574
269816
470894
1592499
229328
1320205
1036652
1135707
1472793
415150
135954
737141
166108
1269225
229923
1130478
449259
217576
1401859
1653791
270061
1670257
389133
1985450
696445
525585
1868185
353553
109978
288506
951582
1427363
1300250
86594
733746
1116051
161120
379409
1321443
655392
362572
79594
227157
697823
224439
1491413
1245870
1178101
62302
1592881
1378475
234532
396247
1533998
914485
1481629
536098
1643499
559755
257479
525987
136363
1198088
777124
1547213
161573
1581187
1450784
1712385
443915
788748
1531444
971135
1346577
857108
1643613
447327
1836423
1221862
231081
345096
121069
1040688
1309813
26790
408896
724726
131977
1604968
148784
169837
851473
1498439
187338
1035512
45115
1885513
994525
251718
257923
236154
1218673
1370019
123725
198689
963857
1828081
434998
266152
602789
252985
634994
1371888
539081
1808132
1919466
655188
1089658
961600
1379952
1078302
660055
885005
79802
995049
2258543
1106
1461231
1494789
226373
409534
1015347
1351092
44841
345614
202378
875876
134857
190932
1439194
140156
208139
1235993
1513118
370599
365272
95224
1324979
1575061
2036918
444664
1780140
1265933
1729763
189591
185971
1515762
817341
550799
143466
1180419
375289
598954
53271
1196039
1156995
1021932
2287145
338887
1130735
371041
1435866
293003
113388
2244661
1487666
1467017
92032
2233061
851853
1196108
1224498
1089567
1504623
1185175
329888
1002968
1066514
1103905
113213
157779
966535
1756036
1527974
236631
298447
1275071
267080
219568
553145
416226
630214
754538
46312
816950
676998
124074
577414
65440
1467787
795210
59795
99992
551460
680533
467457
1382401
262841
846528
1413277
1345324
838128
771272
2038797
1562568
759671
1616303
1367578
1269075
541549
209360
549677
760776
1373416
1106065
411634
1540362
1212778
1695931
34796
1585426
92529
1589319
1469873
80645
691226
172862
2144549
93000
220636
209967
278742
604761
539077
1321477
689771
1050613
1613250
1985183
1378905
184824
334560
705606
2255768
374335
1480828
1143008
457004
162991
487335
43549
2386469
258347
1242778
77232
1035426
48623
2404055
657468
854222
1407872
590553
414849
774139
370381
387573
2264354
531164
209636
829982
1080760
854401
647514
525766
251923
1379731
1306109
1042889
735047
2195053
1600183
1486204
685244
428488
184410
366069
1527975
482869
1629052
271777
1000927
640916
83818
951284
1303999
186403
866969
402711
91620
1052027
1540103
235174
277161
912947
224199
156192
1153986
983309
788211
1369141
190746
890537
522741
235700
2061241
242631
1422371
668509
1025472
1546875
26042
1104572
2151394
176086
256639
615833
491132
468110
801314
1433961
1359416
2329924
573721
42461
691693
834306
656852
1463716
198959
2388763
836463
1324753
987767
1216587
175795
169852
903868
1993376
1110290
891512
1216355
1048226
1197395
890255
462636
351454
1017888
230690
280970
1280097
258911
408461
65933
1084462
1601653
479184
165860
362854
593046
1994581
386840
599860
561815
1074095
120215
1075782
1171367
154688
236753
1443665
414130
1162154
665353
1321846
679757
419608
842534
2255102
1246629
383364
1074890
145991
1342464
441399
1286574
495266
1428063
1033053
1263143
542158
254686
360408
236254
437029
66486
235307
331700
1650115
542693
193373
823129
1639458
296577
1016689
540676
2084473
226339
10813
1404002
118475
501771
487053
1370224
453263
1622936
244737
845523
244785
566988
293782
529291
2134492
1147533
2382597
1968304
761785
417071
205571
566692
322922
217095
239408
1621664
299817
1155351
2246841
156049
1325102
1402922
1565105
385638
1523880
257170
1570058
119228
947369
1263923
730555
71555
713215
227198
1093721
1933016
1376742
869231
2422775
1130550
44256
1460386
1831352
1159359
60433
176605
1269582
763884
844222
436176
1929426
469791
47240
184083
227427
1321760
944000
1070605
1981297
1112429
2083311
1435800
828632
1877003
893674
2208138
327744
2173433
1574486
556086
221858
698213
187756
647627
76250
1306380
806012
87617
2132859
1080496
381686
856320
317862
336904
782792
183804
1317391
115170
557447
1156185
1238261
175269
733315
676567
323370
311738
1773832
1018019
2025952
1098295
890782
540685
496845
1472312
160141
1418628
1100912
1023332
233403
1121776
99158
1975697
637475
621576
142582
246952
232917
103280
190639
666058
763713
569822
420659
1355226
458207
1610399
600143
1456413
184565
1113389
2352431
1381708
1086281
280522
243168
1308448
959687
552636
542052
233029
2213132
373730
115908
773304
314564
1062334
194057
1504596
125916
773351
1245467
1107557
2125616
815760
308585
753294
1134970
1578561
185042
850506
986309
47970
1815143
1384283
1270669
897457
1517812
2090184
802212
499113
193934
206999
2408089
636056
869810
1511425
827200
770989
224940
561571
604839
374443
2174266
1936491
468150
583002
254208
264329
711232
382706
373736
265346
1483203
1309749
1389105
383217
1156886
1353174
383185
189656
1017294
251055
1198219
422719
1739285
2373815
1426944
1117935
2255225
1049441
937404
547234
1532393
1034141
388389
329418
652032
255393
258458
1376246
1363832
650271
487882
23266
459170
201520
1338014
235250
2346345
1511928
943924
1167884
2410797
905069
978569
477199
834863
1975908
87482
1338121
345664
1253836
238897
1383478
522199
586092
954835
1544195
797153
59312
1947598
549790
665619
982316
2140601
1180121
166422
262850
2368328
90361
972596
899269
1335246
1553566
1590593
240352
714453
2102869
738723
1112418
1763249
192839
768283
1183928
610275
724137
1012566
596643
607162
129539
1413480
746204
295528
1048129
908544
2269298
250751
1178490
715674
493115
1345262
384505
1299998
1130503
642553
306047
209002
17251
1761574
2168504
1571030
355367
1585086
2407807
1149981
1452183
1167406
1366067
1580931
560408
509367
205545
2049748
327343
2113760
115207
409477
871060
1637344
90995
707370
2292604
820781
504982
1609435
1373407
786330
189014
1229813
424061
735058
145237
711737
981161
37685
29741
224101
86399
818449
350915
2021471
1743227
340
262641
1841030
1466376
1431644
1820123
918069
231873
1594984
2089095
1142
764304
1112217
1690844
387304
815098
1572821
1174710
629077
691807
783694
57699
296497
31670
1883947
1481483
426597
463061
742263
204460
1337182
729264
154692
163411
249919
2146356
1734133
677511
1619155
410933
2168534
381563
326304
2059284
86525
1394566
594580
92458
247998
313712
1254334
372823
476927
94638
139666
1637914
792717
872467
1958402
1431768
409172
145280
272520
1004042
947538
489869
766377
1397871
938318
1468311
415964
454891
1733980
1150233
1247398
497100
401156
312402
651684
1478948
360005
2147828
484530
434604
1450318
1423252
2123145
2257981
23616
353863
1999441
526373
1170367
1377012
438636
598919
2154925
598649
1621631
2003147
221217
1051308
494635
1536289
391866
254837
193347
1837861
82403
2302503
613609
925107
1238751
1332370
1236192
710732
618294
1437579
2032811
1201906
1482647
514763
131189
501708
1507941
46980
501609
686748
853649
41651
866440
626103
317319
1662862
1500600
1482002
2374465
2164502
494224
710810
2252750
164889
1283280
210477
1182607
285648
441542
712058
430579
1179078
65626
1573287
1255608
2171625
1294129
692254
209409
145203
583153
1306274
670134
256703
930581
310051
151119
497385
571713
1389552
234781
1071278
1758424
264512
805119
1031737
288075
1453258
797050
782499
480515
1290559
1731677
991672
663225
266808
672520
385431
373476
1450903
131847
339244
386272
382395
2372251
1622123
148209
1797280
1146428
2172170
144681
633614
1966491
520717
863839
177009
2278200
435171
2328080
141985
1504933
365633
14430
802632
484714
268553
812595
1407677
834635
2124011
1466987
975989
73812
52991
822456
1834945
1146800
1557570
693197
1482137
408179
1236464
809938
480388
1437585
1729511
392300
1656047
53228
685477
334399
1360687
171227
126321
1626135
1044045
1392755
577634
539674
219734
1872229
1855591
1046651
369948
266375
175494
88426
1489464
837460
1661333
1459599
701556
198711
969044
2393511
1616010
983764
1248356
278528
1343775
1625608
804907
292820
323515
178716
1653612
1102209
694908
646213
446581
1062089
613518
1814317
1322030
980026
1147793
275015
751510
1867795
2113225
1367084
732114
1408407
1347343
568030
684234
119550
615864
181683
1442386
131085
1286948
1040950
2302672
2207087
415156
62868
66518
1955707
47547
1167104
873564
1263529
1634306
601113
694572
1964538
416258
258121
706985
1007736
1414055
96417
1150550
2049841
1306054
229799
526861
1472576
1517765
603933
1348683
651845
64847
2149511
460961
389965
243807
616304
1550334
66091
566784
9567
1349968
1501301
392637
545389
169276
962909
2168401
334429
1043468
1469446
2167560
2334712
2350884
1563679
1452820
193636
1671870
267739
1396693
718936
2349067
593950
915978
235420
735468
403447
480904
1573867
957080
678360
2207469
118161
1085193
1838561
1353788
885921
1435847
1262426
1321825
586496
2129545
67646
843455
835135
602295
2279178
223087
344054
2221930
2418364
1083869
573494
1540171
695161
1554093
1659509
1619449
1553442
888943
359674
593986
1425199
98528
653471
665522
32603
942241
283447
1229301
856945
357469
549825
2041599
404676
467526
210997
231700
134596
120933
966585
130105
903311
144752
120925
929323
502356
60875
2008514
975358
178165
606053
1000136
283717
538138
790112
1375901
25286
1218942
206230
1326943
262920
211395
485986
1278288
175656
781524
254514
1224576
1439826
1096641
378620
1358159
80540
616001
390597
1180837
1829659
1190027
1082605
110273
239270
1466495
403916
783659
10889
829406
328778
924204
674028
2418552
2351013
1018171
1184710
37654
1588971
1800967
1606852
160358
722170
374299
1538608
263503
663750
1089631
2382769
411868
227327
132330
1826061
194874
2060798
1058221
1548583
1270677
1306178
27662
180370
1266441
1024931
260048
230129
696988
1253697
143660
338002
92154
1515675
1095406
1837559
1447799
1428914
1945175
2163147
1765073
685041
220250
1758472
2058556
898911
1854713
1549363
2232038
1147576
2337741
1579903
579327
7078
1188191
334660
573617
530046
97994
335879
1073086
265109
1141345
1023044
109865
147258
570175
366226
1100672
2422351
264355
2370321
323937
1096859
181327
870585
348543
967364
232900
186703
113402
1346604
938666
1213770
267569
387430
1174670
472940
227169
188412
931607
1398023
275417
292956
438207
239660
709933
1253474
297366
1394613
385610
158168
208478
1348574
1156641
425
125848
1505670
349
1175279
954407
1435522
2245377
178424
1614278
495505
744027
248343
618258
172829
1492693
1419925
1241734
890653
153170
1259648
2407218
1887743
728055
769392
693592
1485981
1635281
683863
1362781
888232
1756029
587230
1260436
314318
151922
404708
2313329
52328
352205
2205160
753893
1200725
204995
1614358
741700
407575
164304
356553
994976
1350486
674752
213663
1455970
1507125
240697
628007
1343331
2218548
2245939
1497806
1461543
629222
1402983
970864
143920
1518919
1508221
503057
1650627
245703
2097911
2312570
746064
116693
759600
1075622
917035
903044
1956361
221187
1641341
706899
1086899
295141
833882
1155747
1765915
1958001
762952
434679
166278
123170
1457550
2148364
859593
408106
1895588
247376
342164
232529
1040130
464611
226400
648019
177604
376351
427945
207881
1018920
809084
226220
198563
1841092
192772
328726
34404
886739
1182238
1446641
1497730
899072
232066
1127616
82859
839252
657071
132971
179935
859333
1525582
1138632
279186
212609
605209
929111
135540
1176626
1019190
1450205
1598650
722750
73865
151324
326762
601934
370826
590998
160008
834563
1306351
1462620
123533
241084
127080
358053
1480151
915517
863234
755876
73703
137019
2427128
958018
882781
309821
1117442
346987
460140
200136
874787
2146078
791501
258295
492702
1344599
1226295
175961
2306769
191517
412355
1830984
172512
2148532
81899
309932
758685
398529
1216378
1139373
301714
954064
818380
785618
1946234
510391
207157
1135399
83195
179640
193833
1013625
453431
493606
290218
1519657
143967
1158967
1089253
779839
727024
1066171
2254141
894767
1228707
171850
1409388
627366
1107808
1867226
711582
32993
977860
490400
1416414
364438
286501
2231785
484132
2202638
2344159
296714
375251
1121348
308291
32826
1535592
389203
183722
1394656
739220
1213632
1782422
337824
589442
257033
669326
524365
214144
1101518
618905
1326389
2060730
1423167
382762
185333
1404861
378447
2163887
493442
1424790
179835
258564
7103
628640
199442
378534
536219
332630
330516
1127171
1306003
1573688
445054
866908
35691
743998
388250
1034438
294578
751895
667766
904623
2179038
1010175
212812
226259
2235275
460060
2326832
1148266
539329
998187
1852451
509821
1068263
480973
2117715
642148
155130
195511
1219537
38762
1453786
1543570
357925
1382089
1131087
1547297
575968
1644590
608051
1702916
865236
806519
1225951
1069149
140293
386288
797129
430841
2413364
857347
77552
783369
1127825
309192
1547289
736276
30734
244206
520889
516939
1474993
223230
1083241
1056735
277376
1055424
1295231
575124
326575
262408
1078598
1512399
912030
212950
1534695
704658
164839
740334
2423959
132064
953859
423870
2018582
52965
2051263
738678
813184
61714
1207249
143959
263836
495546
558597
333578
735066
2247873
2144028
175733
404702
276869
1563571
67157
382891
1553554
502874
2035454
1312633
282172
236312
8865
1761216
334627
969313
953981
901129
475974
1069014
1378775
205749
643439
1317983
1078725
808425
1503230
1393931
81868
522371
1124233
1582909
311768
1628766
1019869
1023449
389545
741629
2400084
468398
1422448
216868
627110
636346
654614
1459384
527024
1243334
769227
181923
361272
1867633
482358
111339
1237219
1632429
2040355
422947
1172461
1942734
31708
472925
215793
1269804
2114255
1043076
372373
647207
1352675
307243
681121
1510122
1988786
2246076
694997
788618
1870453
145310
2163922
776869
776479
950485
623309
1546363
744113
1173904
2382596
1528195
1161917
1204195
1005315
569757
1186959
307432
1152750
1228364
1243794
814174
1026855
195514
35350
1187461
1357491
572043
234596
684322
241940
1231512
446639
253298
103332
1504587
2256995
893569
859720
435181
521737
1107190
76624
177790
1540088
1312116
669354
369049
939146
141048
80859
185351
932379
1093300
1551095
1348766
386975
592670
2192324
2354919
140521
470091
732601
345119
335080
2061955
1596064
671084
203174
1753647
1380190
159950
491435
256206
1334076
265197
223685
1573681
131034
399537
241583
839570
175968
647522
638762
1058787
1334969
219650
1068211
962409
1114070
1117776
264292
369034
249453
950801
313852
463745
260193
385746
393399
1486936
1521234
390580
234983
241833
1176794
621830
66537
120652
1290503
2094648
132694
223760
98529
289236
2068795
377040
165332
542348
470490
153103
744962
2003232
1325238
704597
2341080
195181
916825
656116
132119
288522
664558
1925200
350999
1851740
394929
1385932
152941
1317575
462104
1062640
220245
1215535
942160
1554175
963380
317216
1630777
260264
1512099
1381797
1626204
764990
2042303
1127637
230194
718408
669614
1060990
881411
1515596
1791068
964620
1462968
189240
639251
1127446
1524451
1016927
2050705
2052365
805010
98278
874890
1228187
2192311
1318593
1328358
959073
2223000
975843
1077883
1142290
1236062
102549
164344
1380784
645426
462772
213460
173598
262778
919814
250685
71924
629729
852359
195572
691521
612711
1013847
225225
18487
907767
607521
27418
172972
1876643
175659
988152
282720
763337
551399
493466
734953
619773
1450357
1259714
1705064
1562417
864575
1644926
1263492
1152259
412156
1820222
545933
1575850
830077
867096
1552215
341656
1039405
1206441
218499
651278
331022
1165750
460781
573089
425581
2418189
939902
164081
138094
134539
485546
2154581
1510539
1392947
533086
105812
298452
407663
48274
1139345
299732
453418
66873
193376
1231632
763214
410690
1713522
275056
1561755
771304
767638
1224000
1490979
1300182
384889
368626
577058
938929
439767
885608
1435263
167658
784604
1510579
1467231
1636109
951816
1756540
291498
1240504
490844
179767
419138
1040079
1397366
227586
92469
2158190
1501954
270417
219349
284042
1223651
413668
24125
171661
1220501
416105
901379
258987
640224
140737
1800095
1323659
111307
27129
1649827
1618765
33727
2001742
814089
403625
552062
442888
1260121
474855
986239
932896
1054217
1336053
904203
842243
1219903
101160
1619898
1456143
865002
581571
1221310
937777
1411282
72598
856862
443838
84078
2251241
54665
1299593
1438986
182620
2062339
286896
475171
788406
1113840
152903
1586531
1211442
289243
1173313
829577
2324933
216059
2415998
1297572
1122170
94436
133276
551784
243887
1053216
237375
1285144
404942
1433822
2370478
272078
756326
1798745
267749
1002945
1425491
1252758
145813
168832
189674
606949
696471
185410
2409809
1649297
1288099
226320
192490
448459
71753
920173
1516677
133166
1887705
120070
391987
690421
298207
1815173
825124
323435
455322
1428841
57875
1629525
1359963
381553
1204281
137000
1213333
111170
1442558
2336314
168809
226854
2407557
1178155
1125596
973849
1163098
1619380
378510
1097509
1356592
208029
2386362
212946
249189
1046186
320149
279106
1362544
1371880
206433
117748
1667438
560253
766219
1616321
709881
102816
737990
647404
302872
32850
1585885
1505362
280492
185391
1326665
1415610
1079812
47820
402016
635921
1272933
1314
854561
422548
758659
120361
1359660
1318065
1462003
925144
838642
378248
260209
1301392
455827
927043
2010800
336015
24564
1384183
2210715
1245685
1473789
627803
1525689
574370
503461
279219
635499
374121
1571157
109803
1399039
531654
23957
1297661
2343177
291210
558504
736918
47375
648315
1605314
1128026
113773
2082959
1334539
254347
43717
135716
395524
133014
103236
239483
174060
548526
275434
569367
222846
360024
128028
94196
1043642
143869
672079
1004285
771242
1040314
80164
145115
680731
175409
257511
860079
1109879
598258
44673
80034
471384
232474
221349
512103
343242
58781
229734
991990
904721
59190
1313879
255442
1603298
1185608
113716
717072
235921
208127
390667
886951
1108662
1392574
2098716
777754
1657067
431669
2408241
850881
1143
1501465
329505
608730
394968
1384072
248549
1124318
114564
469534
1040964
950833
1052119
1005176
1792374
1941278
1342784
294940
1047357
1552876
1442861
324183
164829
900144
1518965
586391
897377
466744
389380
302855
191899
848514
464261
425399
934834
359059
1464857
335980
1553142
821741
178099
1598484
1422062
1025113
1110035
676493
403693
656585
515635
1478862
2301416
323543
850970
520526
986565
242987
1218399
1897649
757903
1639573
2055559
467192
1191721
868334
367607
202971
1976553
59777
551656
377168
251797
1952625
58522
1055727
855472
2177238
1461722
358915
549689
1301760
2328220
1439074
2235277
1980367
67557
1936539
117464
718073
114226
162293
547830
682903
490884
152643
314887
177258
1019730
1358042
900116
1254797
243332
585191
836994
397957
414464
1922187
971964
476283
2133988
1513044
1085443
612346
84784
331826
283577
986783
955920
2346364
495441
1814327
1484742
1118299
2149967
577413
1245684
256118
2189069
1269565
1577547
1467041
2380890
1222803
232718
495702
2411232
1623860
236536
287654
2390109
453500
1130546
1497810
1414893
1002920
1561705
341353
1394685
1489753
616974
101515
1895815
1244422
738761
153658
186319
64670
388973
2331763
297001
209314
1362797
489192
1086548
1053884
99864
1541744
260196
188482
590103
864589
141063
35385
662587
1267890
532906
77141
1793872
1081838
1327374
795393
309725
51311
1346867
290663
119937
509009
1306315
1535884
313651
1481763
392646
1574514
105164
2051449
1621721
911542
631556
222951
2335616
1973383
549838
1617371
1378551
1933780
1036874
323365
1442360
1597289
1600457
2175202
651037
359178
1339889
352909
2272810
143492
102783
200782
590483
897696
638602
