66091
249189
231873
334429
1146428
647522
455819
2231829
2247873
493606
1606852
1469446
1256038
404702
1523880
143967
368626
1371888
1508221
1553554
194874
1585885
1228707
1396693
1198219
1409388
1107808
1475764
812595
1337182
1130550
1672407
1466987
758659
311768
739220
678360
190932
2254563
1782422
1835548
58522
336015
1929426
636346
503461
731172
139666
477199
2360202
1701757
1800095
90480
577634
33727
1325238
550799
1618765
177258
195181
1358042
900116
1130110
2221930
1733980
1737423
1632429
1128026
1467017
888943
1269804
1459599
1769603
1127171
1278322
1211993
1238261
1616010
733315
1550632
1130478
1411282
1677184
1096859
143869
2251241
1130546
1127637
1967773
1002920
1653612
1654628
616974
1213770
1100912
1127446
1244422
1398023
219568
1278112
2420890
1297572
1186959
1116051
1228187
471384
131189
2331763
1673758
1156641
929323
1236062
1130503
1357491
306047
551460
1761574
1412894
1263143
1462620
1438610
684322
1149981
1113389
2113225
1616303
1367084
1492693
1277727
1930605
77552
863234
1643499
1226407
1708187
1127825
1255608
2256995
226339
194057
1644926
1223922
1167104
1504596
1056735
1107557
1993899
504982
1134970
1643613
2192324
1358159
47970
912030
1342784
204995
1552876
1604968
802212
818380
813184
10889
785618
829406
322922
1035426
1497806
1820123
359059
333578
962909
970864
143920
1899540
254208
160358
1828081
434998
1690844
265346
2278200
1089631
577058
1174710
1671870
947369
102816
779839
1919466
1761216
249453
655188
1655361
520526
57699
1670215
1415610
1390531
1117935
977860
885005
995049
593950
1069014
757903
180370
915978
1024931
1494789
2055559
729264
1015347
120361
338002
808425
186403
822456
1657329
551656
378248
2168534
875876
1176794
1501954
1439194
927043
2010800
589442
653538
469791
277161
47240
95224
524365
1254334
2036918
2328220
1439074
53228
2060730
685477
685041
242631
1457550
2208138
835135
1323659
1936539
111307
531654
403625
2341080
382762
120492
369948
291210
1196039
256639
1867633
1925200
187756
334660
954835
1040130
1247398
2287145
1359416
1320205
179835
226400
177604
2133988
1054217
904203
135716
1489464
59312
2114255
1463716
647207
101160
987767
982316
366226
175269
676567
1512099
1269225
865002
1196108
2189069
581571
526373
353863
443838
462636
1185175
694997
653471
1590593
230690
1841092
1673845
1985450
598649
113213
2102869
230194
145310
776479
696445
950485
408461
160141
1446641
113402
1023332
1546363
540685
189240
109978
549825
145115
951582
2050705
231700
1005315
98278
514763
1171367
1443665
80034
1704199
1219537
388973
501708
161120
1321846
414130
1348574
1176626
362572
120925
404942
697823
980026
317319
1491413
73865
645426
601934
665522
59190
569822
267749
195572
458207
1252758
1585086
234532
235921
1231512
209360
509367
915517
1650115
243168
1288099
532906
790112
1747173
193373
552636
1218942
233029
136363
2171625
850881
10813
521737
690421
882781
256703
1992288
394968
497385
683863
234781
1071278
1278288
1820222
175656
604761
346987
888232
815760
587230
1260436
80859
258295
1204281
850506
492702
786330
1229813
425581
345096
378620
2205160
26790
753893
2148532
651845
64847
485546
1082605
1139373
132064
407663
973849
389133
1163098
1125596
761785
164829
143492
403916
61714
2175202
1097509
1334076
217095
143959
207157
924204
223685
212946
566784
1461543
257923
1936491
1561755
1402983
1224337
1667438
294760
1156886
502874
1381612
1306109
1042889
1481483
426597
382395
2362659
951816
869231
1378775
291498
2388831
903044
2202638
1159359
1734133
1393931
522371
1213632
650271
706899
1086899
1540103
912947
1437585
1435847
1461722
365272
1153986
1112429
549689
1435800
1360687
1422371
1459384
527024
1431768
1726540
718073
908293
1383478
1404861
916825
1462111
342574
522199
2163887
288522
836994
579327
1021932
1424790
1435866
293003
1584303
1306380
494480
695161
1540171
1584248
797153
1478948
1661333
484530
1450318
1306003
1216587
317216
891512
1425199
890255
1343775
1625608
236536
294578
1051308
672079
1783916
942241
1414893
1438986
1701435
839252
770989
805010
1586531
1437579
289243
2324933
292956
307432
1138632
501609
1851606
327020
814174
1131087
866440
1547297
1433822
1435522
383364
1644590
420659
1286574
1306351
1428063
1413277
313282
1182607
1167406
1366067
732114
1480151
1584381
560408
988152
411634
1241734
296577
309192
1547213
1040950
1485981
1306274
707370
487053
1584335
1531444
323435
412156
1306315
1622936
874787
867096
950833
1709042
753294
151922
1224576
1306054
1534695
294940
81899
939902
1442861
2061955
1143008
1216378
638153
148784
423870
1242778
869810
510391
262641
827200
2404055
410690
9567
275056
316210
1013625
1800967
1683137
531164
209636
963857
1043468
1422062
1142
829982
391855
163368
384889
257170
1110035
783049
634994
194776
737990
1480466
1263923
302872
167658
1117776
1017294
365633
14430
1089658
961600
1218399
171850
627366
2195053
422719
1867226
2373815
475974
484714
116693
463061
364438
1600183
260193
937404
547234
467192
1240504
484132
385746
367607
2344159
2124011
179767
422548
480904
1397366
258458
2248078
308291
1834945
1318065
410933
1482137
260209
866969
957080
408179
1515675
1837559
1052027
251797
201520
337824
2207469
24564
295141
235250
1511928
480388
224199
1262426
1245685
586496
2400084
1321825
976312
2059284
1765915
240580
574370
392300
377040
1301760
618905
1656047
444664
1877003
872467
189591
186683
2279178
1649827
1019730
2151394
1046651
1254797
1397871
938318
7078
361272
586092
482358
664558
2199248
497100
113388
414464
401156
1851740
394929
2396518
87617
88426
1135707
42461
1942734
199442
220245
109865
198959
1215535
1324753
2366797
115170
260264
1110290
577413
2025952
2312031
866908
1765328
72598
222846
2246076
809084
94196
1043642
226220
1623860
1002968
1017888
1870453
496845
2110864
966535
881411
623309
1102209
192839
65933
1791068
744113
232066
657468
288506
362854
1173904
1332370
1016927
1236192
710732
404676
1852451
275417
2334652
120215
860079
1300250
630214
1178490
1328358
208478
512103
425
1382089
349
853649
954407
991990
102549
60875
1662862
384505
756326
190639
99864
370826
2008514
2245377
1614278
1702916
1603298
2164502
262841
260196
1355226
1345324
744027
606053
2352431
771272
172829
208127
386288
886951
35385
797129
541549
1392574
823129
77141
1212778
206230
1016689
755876
2213132
2407218
257479
859720
391987
161573
1286948
409477
736276
1143
1581187
137019
30734
314564
76624
290663
1450784
172862
825124
2144549
248549
1389552
571713
873564
453263
1540088
1535884
773351
2125616
1552215
1629525
2146078
791501
1613250
1007736
314318
331022
1213333
231081
2049841
1439826
1830984
1093300
111170
1792374
705606
991672
145237
1941278
2336314
711737
1309813
672520
732601
1815143
164081
138094
309932
1442360
162991
1597289
953859
651037
994976
1968304
417071
29741
586391
339244
590483
1207249
1946234
239408
263836
48623
2245939
1402922
604839
918069
399537
1685058
1218673
1117686
771304
1553142
821741
1300182
1334969
1439236
1538608
175733
1080760
2167560
629333
373736
520717
1616321
1309749
1563679
962409
656585
539081
1650627
2035454
1808132
399738
1312633
1066171
1505362
1504933
2097911
2269057
523396
1739285
1467231
2349067
1079812
313852
1116037
1532393
1416414
1376742
735468
1266441
2231785
490844
696988
366069
1169653
1407677
1040079
1078725
951284
1486936
1503230
1146800
838642
1363832
1124233
1269582
1582909
1095406
455827
621830
1019869
1236464
436176
1838561
2094648
1353788
1235993
1513118
1729511
468398
669326
247998
983309
434679
1677605
2235277
1423167
893674
1637914
654614
2148364
1044045
1392755
162293
490884
1180419
375289
704597
947538
1297661
766377
1579903
415964
558504
397957
454891
1188191
1156995
342164
1592499
986239
801314
1605314
1433961
1385932
1554093
573721
2132859
1472793
1619449
1085443
1553442
215793
1043076
332630
2388763
1423252
1554175
851853
2346364
963380
1100672
1118299
1156185
23616
1180121
1216355
1048226
1170367
449259
972596
856862
1098295
569367
495702
598919
1621631
1280097
1497810
494635
967364
886739
1060990
1004285
2235275
286896
771242
724137
639251
1040314
694908
2041599
1121776
738761
1148266
1413480
386840
1679851
599860
1823886
1173313
1204195
509821
1482647
1075782
908544
1122170
598258
754538
438207
551784
38762
1318593
686748
842534
2255102
343242
489192
975843
1467787
575968
1253146
722750
1187461
1299998
590998
608051
1178101
1342464
1482002
2168504
2374465
1592881
1571030
2252750
806519
1610399
717072
838128
437029
1562568
1367578
446639
1580931
430841
1723503
549677
448459
2113760
1375901
1179078
1657067
559755
959687
920173
1695931
373730
262920
615864
1198088
893569
1327374
1516677
435181
728055
1469873
2302672
2207087
1562417
773304
670134
244206
520889
1501465
329505
930581
1694352
1117442
1124318
1055424
381553
416258
1578561
1206441
857108
1414055
1621721
1378905
529291
184824
460781
631556
1290559
1551095
986309
1078598
1852357
386975
1040688
1378551
1442558
1472576
1096641
704658
1200725
663225
1047357
897457
335080
1190027
758685
1178155
740334
2090184
1596064
356553
533086
954064
424786
487335
738678
1498439
1231632
763214
1621664
1743227
389380
2418552
2218548
495546
854222
1550334
37654
241583
175968
468150
593641
1656668
1058787
264329
219650
1114070
189656
264292
1058221
40794
369034
1989115
478837
1672887
2255225
260048
393399
329418
215619
328542
1253697
255393
875957
1654550
1892011
23266
1338014
1290503
278891
1945175
1167884
1238755
1729648
220250
834863
404711
2058556
345664
1659002
238897
898911
1549363
1698598
1147576
1685932
1141345
549790
1692213
1381797
217576
1653791
2356082
1553566
1718920
1763249
610275
267569
1524451
746204
2269298
86594
1394613
1704199
227157
224439
1245870
173598
262778
495505
691521
763337
1708187
153170
525987
1259648
115207
1259714
1705064
871060
769392
864575
1712385
1039405
971135
218499
1221862
404708
1614358
724726
164304
105812
37685
674752
213663
86399
628007
1841030
994525
123725
198689
1224000
1518919
938929
629077
245703
2393916
783694
1379952
31670
1636109
409534
163411
249919
2146356
677511
270417
140156
326304
1223651
24125
1394566
1575061
171661
1958001
372823
1780140
1729763
852260
143466
598954
1150233
312402
1698043
1619898
1221310
1999441
1377012
54665
1536289
192772
328726
475171
236631
2032811
1285144
124074
1682487
65440
680533
1382401
846528
494224
710810
2389919
285648
127080
712058
1656096
34796
1892010
133166
1887705
120070
1688288
298207
310051
151119
93000
57875
1321477
689771
1050613
2088415
1985183
1344599
782499
480515
266808
1480828
398529
1675585
77232
1731030
206433
863839
1660942
1160124
2328080
32850
141985
1660225
251923
280492
490400
402016
1272933
834635
482869
296714
1629052
640916
1557570
183722
1394656
235174
1473789
1680264
627803
214144
1101518
522741
1682422
334399
109803
171227
668509
539674
1104572
1855591
1670219
648315
615833
113773
258564
691693
7103
395524
330516
1248356
278528
360024
1957217
751895
292820
1697593
1677269
479184
165860
446581
1453786
232474
1814317
58781
1313879
255442
751510
113716
542158
1069149
1408407
1723503
857347
1659069
777754
783369
181683
1083241
114564
1295231
1052119
293782
1677059
326575
229799
1348683
1926874
2423959
52965
1518965
466744
205571
389965
243807
299817
302855
1349968
934834
1501301
119228
515635
267739
1676833
323543
718936
1704921
202971
643439
1831352
1317983
1628766
377168
118161
1055727
1670438
1070605
216868
828632
1980367
67557
117464
547830
769227
152643
556086
31708
1513044
381686
612346
331826
372373
782792
1814327
1741625
1245684
1510122
1577547
1765328
2380890
2163922
2334312
1891970
64670
966585
1692928
1674844
130105
903311
1086548
502356
188482
864589
141063
1662181
253298
51311
669354
369049
313651
222951
239270
203174
359178
1339889
159950
491435
374443
2174266
2171039
2345834
2382769
1389105
1353174
1826061
467372
782348
251055
1306178
365970
1684470
1426944
1379124
2341716
2346345
146252
943924
1995834
1765073
499409
905069
978569
2343384
2366090
1975908
87482
1253836
2232038
2337741
132119
573617
350999
1544195
152941
1317575
415150
665619
737141
2140601
166422
1626204
264355
764990
90361
2370321
348543
2390200
718408
738723
1112418
1515596
964620
1012566
2320870
227169
129539
295528
239660
709933
1253474
2192311
493115
2223000
164344
462772
919814
355367
2380203
907767
914485
2049748
1450357
1887743
693592
1635281
443915
788748
820781
1609435
2313329
52328
189014
573089
424061
121069
352205
134539
2154581
407575
981161
298452
453418
1455970
66873
187338
1343331
2021471
1713522
236154
1490979
2089095
602789
1112217
387304
439767
1435263
503057
784604
296497
1756540
2127734
204460
917035
1619155
92469
284042
92458
1155747
476927
123170
185971
1515762
2001742
859593
247376
338887
474855
1130735
2244661
932896
92032
2147828
2233061
1224498
937777
1018920
84078
2154925
1299593
1066514
2003147
157779
1837861
182620
1527974
2302503
1127616
298447
788406
1211442
94436
1525582
237375
676998
1686834
1019190
1450205
2370478
272078
160008
467457
123533
606949
696471
358053
1269075
430579
185410
65626
1294129
80645
455322
209967
460140
264512
805119
1359963
1453258
1226295
1672276
1731677
2255768
374335
457004
1450903
43549
2386469
378510
208029
2386362
83195
1407872
1046186
453431
2172170
144681
766219
177009
647514
1089253
2254141
185391
47820
635921
286501
1527975
375251
975989
83818
1359660
693197
389203
257033
1369141
1326389
374121
1546875
26042
185333
378447
1444128
491132
175494
2082959
1334539
834306
378534
701556
103236
1993376
2393511
1573688
2179038
2326832
80164
539329
680731
1062089
1109879
642148
1162154
419608
229734
1322030
275015
1033053
1225951
236254
66486
131085
118475
415156
66518
516939
469534
1040964
694572
1964538
96417
2134492
1711473
164839
2382597
897377
2246841
191899
848514
392637
1464857
2168401
2144028
385638
2350884
1452820
2301416
236312
850970
713215
227198
969313
403447
2422775
844222
1690013
2177238
184083
1981297
2129545
2083311
327744
602295
314887
181923
243332
573494
971964
1172461
472925
1352675
1317391
323370
256118
311738
1269565
1467041
287654
1472312
856945
2382596
467526
1152750
637475
144752
1243794
195514
621576
142582
1053884
600143
1456413
241940
1308448
25286
1504587
211395
125916
119937
939146
141048
185351
932379
2335616
1348766
80540
2354919
390597
323365
352909
1753647
2272810
636056
256206
265197
328778
2351013
561571
1184710
839570
1588971
458717
722170
382706
1068211
411868
383185
2060798
1671474
1675548
27662
92154
1376246
1521234
1682645
390580
66537
120652
2163147
98529
1670047
289236
153103
2373074
1338121
1728883
1082720
1670913
656116
97994
1073086
942160
147258
1676178
270061
323937
181327
232900
1346604
1183928
387430
472940
931607
1048129
250751
379409
715674
959073
125848
79594
1077883
642553
250685
71924
248343
607521
205545
1481629
175659
1925863
551399
734953
1637344
1681760
1263492
1673343
2348386
1346577
1373407
735058
1978966
48274
851473
299732
1507125
240697
193376
818449
340
1035512
1431644
251718
629222
1679029
1734280
266152
815098
252985
1776396
691807
2037058
1684437
1078302
1685490
1106
2346396
1075622
154692
1351092
1879245
345614
219349
381563
370599
86525
762952
166278
640224
140737
409172
145280
1004042
1694600
53271
552062
371041
464611
376351
842243
1698312
2378606
1686172
1456143
207881
1504623
198563
329888
1685436
221217
34404
193347
1182238
82403
2331438
1679690
82859
657071
152903
1275071
829577
179935
1698717
46980
1688313
626103
1598650
151324
326762
2001371
59795
834563
1945118
164889
2054039
145813
168832
128217
2383932
2409809
1649297
2108612
1106065
71753
73703
1589319
145203
691226
309821
1736084
1807898
1706839
1685988
137000
797050
2306769
1734222
385431
373476
1675585
1619380
131847
258347
1891122
1726490
1135399
1797280
320149
370381
387573
1764498
279106
290218
709881
854401
727024
735047
1326665
802632
1486204
1314
854561
1121348
52991
1303999
1462003
809938
1739239
1571157
2061241
126321
1626135
1872229
266375
736918
1691607
47375
1698456
254347
43717
628640
536219
656852
175795
198711
969044
983764
2030062
1709476
35691
1034438
280970
667766
1739340
323515
178716
1710277
1084462
593046
561815
154688
155130
679757
1654801
357925
1750167
1684724
1246629
1673592
894285
1147793
1867795
140293
1347343
1639458
1675711
1655666
1442386
62868
277376
1263529
845523
1005176
900144
2038668
156049
335980
735066
1505578
1598484
1681963
1563571
1672176
282172
8865
953981
1639573
235420
1191721
1672222
59777
1573867
1085193
1672543
885921
944000
627110
67646
1243334
114226
682903
221858
344054
1672737
111339
2014013
1793912
856320
317862
336904
2370129
283577
955920
183804
307243
873137
453500
788618
32603
1561705
1700306
2292610
2341840
153658
120933
2175612
1026855
232917
590103
1679811
1267890
1326943
1793872
177790
1312116
1481763
392646
2344142
254514
1574514
105164
1973383
1270669
206999
102783
674028
224940
638602
131034
596631
403609
1677563
638762
374299
711232
696755
263503
663750
227327
383217
1548583
1270677
950801
1049441
1034141
188294
312626
230129
198732
234983
487882
459170
132694
1653629
1377626
165332
542348
2170446
870474
2372001
920870
470894
530046
1036652
265109
1062640
1682477
1947598
1660526
262850
229923
2042303
1335246
1670257
870585
714453
186703
768283
525585
1462968
353553
596643
2052365
1427363
874890
385610
1321443
158168
1345262
213460
178424
17251
629729
852359
612711
225225
396247
1673185
1876643
1677681
493466
619773
1362781
341656
651278
741700
408896
1510539
1693985
1674364
1350486
350915
1885513
1370019
1670965
764304
885608
1748069
2356917
1510579
1883947
2312570
746064
759600
742263
226373
419138
44841
227586
208139
1324979
94638
1690298
1265933
814089
272520
489869
442888
408106
232529
2076086
648019
1336053
2242534
360005
434604
1724101
2123145
1089567
438636
1103905
391866
254837
1238751
2121127
132971
1201906
216059
859333
133276
1507941
816950
135540
577414
795210
1500600
1283280
189674
210477
441542
2374564
760776
226320
1373416
1540362
692254
2327493
1815173
539077
288075
175961
191517
412355
168809
301714
2004731
1139845
2174336
148209
414849
1676455
117748
435171
1379731
1684863
32993
1859524
1670258
1508893
685244
428488
73812
1526657
2228276
32826
925144
1535592
402711
91620
1384183
1720549
190746
890537
235700
1399039
23957
2343177
1767712
493442
468110
133014
1197395
445054
743998
128028
351454
1010175
226259
460060
1994581
646213
1074095
257511
998187
1068263
44673
236753
221349
441399
2213348
865236
495266
254686
2228378
1719486
331700
542693
568030
119550
1674509
431669
501771
608730
1474993
47547
1384072
2192449
244737
601113
244785
566988
258121
2288796
1150550
575124
1968069
526861
460961
1325102
464261
545389
558597
178099
276869
382891
2228425
193636
730555
71555
334627
986565
242987
901129
1933016
1680814
868334
44256
205749
176605
81868
227427
1670438
358915
741629
1321760
1574486
223087
698213
647627
1083869
806012
422947
476283
1080496
84784
359674
495441
1484742
1773832
98528
890782
232718
1744942
2390109
341353
283447
1394685
1229301
101515
1695402
1895815
233403
357469
2381149
210997
1420639
134596
569757
2193124
1362797
35350
103280
666058
1541744
763713
572043
234596
178165
1779884
1000136
1381708
1086281
103332
542052
1655217
1081838
2261516
485986
1346867
1062334
1107190
509009
1245467
549838
592670
1933780
140521
470091
1180837
616001
1036874
345119
783659
897696
583002
1483203
132330
862440
1502574
463745
388389
652032
143660
139158
241833
591428
1447799
1428914
223760
615969
2410797
2068795
470490
744962
301045
2003232
333649
1758472
1854713
1434248
269816
229328
335879
462104
135954
1023044
570175
166108
1630777
2422351
2368328
1401859
899269
240352
669614
1868185
938666
1174670
607162
188412
733746
297366
655392
1505670
1175279
1142290
1380784
209002
62302
1013847
18487
2407807
1378475
618258
1452183
1533998
27418
1419925
172972
282720
327343
536098
890653
777124
90995
2292604
1152259
545933
1575850
830077
2010316
1756029
447327
1836423
1165750
2418189
131977
1392947
169837
1139345
224101
453473
1466376
45115
1594984
767638
1572821
660055
79802
2258543
1461231
1956361
221187
1641341
202378
2158190
134857
833882
594580
413668
1220501
313712
416105
901379
258987
792717
370896
1958402
27129
817341
2023450
1260121
1468311
1895588
1487666
651684
427945
1219903
2257981
1756036
1497730
2159716
899072
2062339
613609
925107
1113840
618294
267080
2415998
553145
416226
46312
279186
212609
243887
605209
1053216
929111
41651
404656
1798745
99992
1002945
1425491
241084
2038797
759671
192490
1585426
92529
1573287
209409
2427128
958018
583153
1428841
220636
278742
1758424
200136
1031737
334560
226854
172512
2407557
2310834
1356592
386272
179640
2372251
590553
1622123
193833
774139
2264354
1362544
633614
1966491
1371880
560253
1519657
647404
1158967
525766
894767
711582
268553
184410
271777
1000927
1301392
2210715
1525689
156192
2171213
788211
279219
635499
1025472
219734
176086
2329924
837460
836463
239483
169852
903868
174060
548526
275434
804907
388250
904623
212812
258911
1601653
175409
480973
2117715
195511
613518
665353
1543570
904721
1074890
145991
1185608
360408
235307
390667
1108662
2413364
2098716
684234
540676
2084473
1547289
2408241
1404002
1955707
223230
1370224
1634306
706985
262408
1147533
1512399
212950
1517765
603933
324183
2149511
2018582
2051263
566692
1155351
616304
425399
1565105
169276
2334712
1025113
67157
676493
403693
1683588
1570058
1478862
1093721
1897649
1460386
1976553
60433
763884
1952625
1023449
389545
855472
1422448
843455
2173433
585191
2418364
1237219
76250
1922187
1659509
2040355
986783
557447
2149967
593986
1018019
681121
1988786
1222803
2411232
776869
1489753
1418628
1528195
1161917
99158
1975697
186319
297001
209314
1228364
246952
975358
283717
184565
280522
662587
538138
115908
795393
309725
781524
1737763
308585
2051449
185042
2340160
911542
1617371
1384283
1829659
110273
1517812
499113
1466495
671084
193934
1600457
2408089
1380190
200782
1511425
1018171
1573681
